-159.2603 994.27058955651 206.0539 1023.5844073283698 21.42142
-104.999 934.4144744485964 205.556 1021.2822490549886 21.32544
-59.73554 886.9900140169417 205.2892 1021.7426807096648 21.32544
90.2999 724.9180715708985 101.8326 939.7858461772908 21.4961
100.3758 716.1698701320496 4.5154 859.6707382636216 21.32551
35.0554 783.3928917147834 -28.94836 833.4261339470748 21.43132
30.57811 788.4576399162222 -84.63904 787.3829684794489 21.50247
77.61947 738.7310212111863 -114.2296 764.361385745636 21.51415
27.32096 765.8964888370856 -192.8772 712.3326087672187 21.32552
-86.38007 914.2366301287623 -142.6058 739.3916827997009 21.32551
-30.93157 853.6113811049065 -136.9143 743.9380219364966 23.95077
-86.26933 914.3883595221727 -142.4859 739.784928411317 21.32551
-107.8923 938.3308055653381 -179.8232 708.9360075480076 22.94595
-105.6763 934.6823264430845 -300.0896 614.551775280262 23.12538
-158.0731 991.1673397511194 -235.6313 665.3753344549002 21.32552
-38.80567 862.6363506388406 -77.29236 794.7999046363377 22.94595
-132.1214 963.417552538342 42.56262 890.8321887412386 21.3257
-183.3668 1017.1885509139662 -29.97358 831.7639760997355 21.3255
