
-62.75301 1351.3100873204612 -171.6407 571.3043473451763 36.92246
-73.00583 1388.4557226827044 -176.1714 565.349127996711 34.96935
-8.330809 1279.1153213195844 -168.8889 575.4301579096228 36.58003
30.31722 1214.050212504381 -169.7355 575.0424259898955 36.57993
51.77939 1179.3205105516577 -168.9751 575.0424259898955 36.58001
80.7347 1132.3126311409005 -177.8711 565.2198840234686 36.99706
89.17072 1117.2280131210307 -165.9273 579.9536969731089 36.56976
98.35926 1100.4794975348548 -138.7909 614.0913287084886 36.577
89.31191 1116.3170292034783 -100.7039 660.4378088366391 36.56975
107.7337 1086.1477931637387 -54.60775 719.0222555649707 37.75354
98.9867 1099.3306784344695 -41.30458 736.2652479379896 37.58289
88.97894 1116.390882902474 -8.309002 775.8139037501819 36.56974
98.61195 1100.4938741936514 29.52044 823.5049298766492 36.56974
98.73727 1100.881606113379 68.69407 872.3591517622986 38.51875
80.71352 1130.3492320126595 69.0689 873.1346156017532 36.60159
51.75445 1178.427990058854 68.48562 873.1346156017532 36.58001
24.50388 1223.4048927472297 68.8142 873.9100794412079 36.58001
-8.675755 1280.401484947154 59.98195 862.665853769114 36.56972
-50.97422 1351.744158176991 68.09184 873.9100794412079 36.56973
-73.07151 1387.803226711637 67.32335 873.1346156017532 34.95684
-42.51598 1335.8471494681687 47.75968 847.9320408194737 36.56971
34.41342 1208.283347877862 49.17284 847.9320408194737 36.56971
34.05735 1208.283347877862 17.97829 809.9343126861909 36.56974
-38.29953 1328.4802429933486 -54.42357 718.8173115502576 36.56964
32.06036 1212.5483989948632 -54.42104 718.8173115502576 36.56963
43.64036 1191.9986072493123 -54.33434 719.205043469985 36.56964
3.385616 1259.0762293621483 -104.3542 656.0047405544227 36.57283
60.8024 1164.4696409486687 -148.9773 598.6204164347711 37.02729
