-241.876 1026.7137554607718 -342.1328 849.9560194844084 4.10213
-249.3681 1047.6802097151522 -341.0092 850.3719799944863 4.102143
-249.3384 1048.4967966370023 -330.5767 881.8105764857144 4.10214
-269.8152 1101.9832400181824 -316.0843 925.4979768046935 4.027181
-268.9072 1102.6969110185075 -328.275 887.0701662794585 4.372058
-257.6801 1071.153166154952 -328.275 887.5998930523226 4.949055
-249.9592 1048.0356253311645 -311.4181 940.4547147275193 4.122999
-268.5227 1101.5990748396541 -310.7216 943.1915333155443 4.123
-253.6342 1059.7648478512717 -305.4684 957.6575744236766 2.134807
-268.5186 1101.599074839654 -298.9522 978.379200875866 4.503742
-241.9525 1026.9230247949713 -291.3323 1001.4466718320767 4.198026
-245.5155 1037.4793250630678 -284.7192 1021.386350116259 4.135868
-258.983 1074.7236404240055 -279.399 1037.6496308232395 4.123356
-231.29 996.4419404935118 -283.8676 1023.618005364 4.908045
-215.5751 953.3044665584509 -284.1147 1022.7702742548747 4.728636
-220.7471 968.2562633467089 -273.7458 1055.1381893305647 4.122642
-202.2566 915.8894314892605 -273.7944 1054.735367547046 4.122567
-206.5515 929.9881939124197 -281.1875 1031.7745258864725 4.136944
-210.5215 939.2530949333528 -285.8602 1017.2729416797944 2.857023
-207.4207 931.3309331908155 -289.894 1006.1953426330263 4.136945
-200.8682 913.7712884863986 -300.3068 973.6181181992332 4.425421
-193.87 892.9101793880243 -301.1549 968.4284613842414 4.102654
-186.2965 873.3461174779418 -294.833 992.4064788944305 4.104231
-166.6521 818.2643601173638 -285.8646 1018.3973491212257 4.10828
-164.4137 810.3603435002104 -277.9401 1042.1093989726858 4.10772
-176.8791 846.2580374407999 -277.9373 1042.3044331489534 4.108335
-153.9109 781.591511877562 -294.7124 991.9904780198437 4.104262
-140.8801 746.4163268152595 -294.6443 992.1632864639589 4.822031
-139.2525 741.5212781402263 -281.1284 1032.3321628329197 5.014325
-122.9629 696.5695472714995 -280.4551 1032.8568912088194 5.276738
-119.8208 686.328152002942 -286.765 1014.7051762795539 4.098667
-136.5745 733.4374261564519 -327.9204 887.9985433731894 4.090774
-141.2429 746.5343174893519 -340.3331 851.0529733972908 4.104221
-114.5624 672.0122875383676 -332.9276 873.2081714908265 4.920623
-112.267 666.372782569104 -345.7932 834.1344584894996 4.115238
-120.8185 690.2777377848001 -366.3655 772.1250801890691 4.100019
-118.052 681.9803127148946 -386.0348 712.000304694705 4.375978
-121.0981 691.2170293507778 -390.9559 697.0456206175606 4.100033
-114.5116 672.1872112233873 -416.4081 617.7522943121039 4.100037
-107.3954 653.487572646252 -413.2701 628.6604168154328 5.475865
-130.116 696.3409110521869 -420.6117 604.8962927903234 4.100043
-124.0451 698.6783658743288 -439.9533 546.4599222367758 4.111678
-130.8627 718.1571560588447 -439.9534 546.4599222367758 4.111759