-171.4838 1171.4417426816376 -328.6068 266.4192230631077 -2.687458
-167.4911 1162.8470184610142 -335.6974 245.5463213844507 -4.049227
-158.4708 1144.8390248558983 -348.0636 214.03233257549786 -4.020602
-280.563 1408.6970584290398 -357.8413 188.33001443001422 -4.050911
-277.826 1402.8035332491836 -369.9275 155.91562594080557 -4.050817
-280.5881 1409.7695652028412 -329.3023 264.4306990816153 -3.070717
-244.8238 1331.8544834500613 -328.1629 267.9802085649377 -4.050968
-248.5024 1339.8911086953203 -315.7032 301.9684361646761 -3.515706
-257.8195 1359.8152421158559 -293.2949 362.6896046844057 -4.050972
-235.9795 1312.9325016678986 -288.4199 375.92140343512847 -4.045057
-218.28 1275.2083679195312 -288.6206 374.98220258801393 -5.313622
-188.8612 1211.5850847279025 -288.7353 375.317061973233 -5.332879
-168.9104 1168.0533646494205 -288.4427 374.982202588014 -5.254328
-121.2534 1063.5963712830742 -254.7339 466.20380595805636 -4.985456
-131.4646 1086.2232983128788 -267.4732 430.9478963999885 -5.454866
