-104.8189 1616.1095141910632 93.46614 542.5254167891094 -9.218825
-122.7576 1591.4463925144914 98.00992 535.7927048716867 -9.218824
-134.5054 1625.398222354967 81.46032 517.2152885438795 -11.40358
-108.5712 1593.6085626947788 62.46336 492.17038557071874 -10.67336
-91.2876 1569.2151390223312 65.60249 495.5350052215065 -9.664003
-80.35506 1555.1510448431293 40.5799 463.38850424047314 -14.52493
-70.59576 1541.8042963128623 30.02676 445.6992720548822 -10.65252
-54.86036 1519.7035768884018 22.65298 435.9749555081196 -10.77664
-90.83908 1569.7985409171783 10.16695 419.17840874552974 -14.51222
-83.14632 1559.4848718524302 0.7126342 407.6860346448103 -14.4567
-94.86031 1575.8148478716153 -9.465907 392.66982361363534 -14.17802
-68.03787 1537.7524977517112 -12.86037 387.75855263042195 -10.08442
-52.54087 1515.3448238908 -42.01798 346.6266581460095 -9.738286
-84.47405 1561.4947561189301 -33.14516 359.9991948992155 -8.937459
-132.7984 1626.9018809944203 -12.88172 388.9088025335635 -9.402003
-107.9812 1593.9109519984866 -24.36721 373.2140887393815 -8.631223
-117.5226 1609.9259660741825 -34.73354 358.15997550822726 -8.328872
-162.5883 1669.8221187172855 -24.03361 372.57348817635364 -8.594206
-169.6826 1679.110826881189 34.30752 453.28915911786123 -9.218195
-170.4907 1679.1884418879613 44.37019 466.7621894693765 -9.214323
-156.0796 1659.819616947913 59.06721 487.32813671158266 -9.218826
-151.5506 1653.6805282188961 75.81406 511.39336452932844 -8.834893
-121.937 1613.8013495610546 41.99289 463.41897979507934 -14.52735
-80.45615 1555.0291621910749 40.62531 463.3586935920408 -14.52493
-70.00687 1539.7872867259298 81.26865 517.9754140088108 -18.76631
-89.3312 1566.7562016314323 125.6114 580.5374577082775 -15.84793
