
72.44933 1370.6124318593756 -167.5064 348.10843714109757 -6.959179
60.16348 1389.2235640062895 -184.6062 324.06905811800027 -6.945997
64.8273 1380.3227147437697 -195.5981 309.08848842949715 -6.959173
61.65329 1385.3322111466475 -159.8108 356.23668986834605 -6.959177
53.33688 1398.2979665423309 -157.5825 358.8887761992813 -6.959177
43.95389 1409.2009881250647 -185.4607 324.7063301561158 -6.959173
49.97833 1401.244729132259 -156.6792 359.47812871726694 -6.959177
41.56268 1415.6838658229065 -154.4242 363.60359634316615 -6.959176
30.69084 1428.6496212185898 -176.2848 333.84129418489283 -6.959175
23.12858 1438.6686140243453 -174.3173 338.8507905877705 -6.495233
35.26478 1423.0507722977266 -157.3732 361.83553878920935 -6.959177
