
20.72179 1424.3837606290974 -182.1732 397.39747272103443 -12.19171
65.04786 1362.5017462406083 -194.775 381.1902784764301 -12.19172
66.57953 1362.010619142287 -146.4081 443.0722928649193 -12.25001
43.23565 1392.9516263365315 -140.0144 450.4391993397394 -12.25001
84.63336 1336.9324416842535 -124.7503 474.1667772773893 -10.66009
39.35862 1400.0115783749009 -112.6192 491.66318015508716 -12.2506
29.94677 1412.44323305116 -90.14934 521.1308060543677 -12.11429
113.3902 1295.7473600194273 -116.0479 485.34449972857556 -12.2846
110.3197 1300.0447221297386 -108.6645 495.2929717202129 -12.87791
117.7788 1287.766544671705 -108.2182 502.92470163040247 -12.84274
119.2967 1288.1998921114002 -115.382 485.807477762438 -12.72545
