656.71655 54.93964524872081 -167.41383 226.92083962731323
671.3696 26.980600880120107 -48.256756 455.9699338777727
562.7456 238.82412936528684 -45.589256 461.34667317942666
656.43164 56.683148010653554 0.907095 558.208903251213
656.2779 56.1454740804881 126.93855 860.7645410150419
640.7495 103.16750324586201 128.6415 863.3062723212784
670.95734 11.665176221350691 51.900944 717.792155039243
572.44543 247.41075487477917 182.51508 930.0267191099845
503.39502 426.6028119644472 236.94606 944.0062412942848
403.00262 499.04215419218536 217.72467 1003.1014941642817
342.29352 675.692479975617 150.80408 856.9519440556872
171.21176 1012.4718780519433 187.64624 924.9432564975116
200.4621 942.5742671304417 183.69832 916.6826297522432
242.0518 868.8640592495854 167.9239 877.9212273321377
219.28973 915.9945481658434 128.11008 796.5956289398882
215.4101 921.1448984442699 64.59079 677.7696903733354
266.5131 821.8167145031885 50.31123 644.6602957263083
259.94843 831.3816507345518 2.208904 558.207987481293
239.77365 870.8455055801248 -48.85379 438.5831160274125
230.21498 901.1344703127756 -101.98113 338.97902046427254
289.40887 771.8238901079975 -140.07475 283.6434118180837
285.11548 781.7260516552102 -205.91069 150.25547097621794
352.60245 652.9979515414445 -192.59064 173.55467461671853
319.0911 714.6409874588834 -178.21272 203.59061632340914
229.0699 887.7403650938965 -206.023 159.5962376845816
204.83696 930.5012564811681 -235.35574 105.73396103330677
177.59517 978.6072592918487 -247.9772 75.30794216159424
195.65236 977.3737720402928 -160.20438 226.61571168578612
212.8345 933.3793934014652 -91.592545 365.9997711116042
103.43723 1134.6874291922156 -167.93964 205.33700461579207
46.034637 1238.5353082755896 -178.59564 184.36772133934156
31.449806 1277.7881031819481 -104.42059 340.23303046640535
19.784643 1300.740497361122 39.18761 638.9474735268875
27.241154 1291.1211648783437 118.91532 784.8412855049817
21.303976 1307.7890567134712 89.16541 727.8478489074496
7.9347663 1319.0158992278464 130.04227 806.7367435030053
-93.62971 1523.0926962167428 48.152637 644.5440905365767
-65.071045 1469.1089930860448 3.73032 558.9994003097911
-105.02601 1547.6356304986891 16.08119 577.5133059718196
-143.61206 1623.6492823758222 10.402239 569.2129646748913
-326.26862 1978.9399591575525 -67.11741 419.9248662511927
-340.6693 2003.283722539099 -84.34183 380.25506970839473
-324.3221 1979.170008554613 -158.34138 238.83082717742033
-335.6127 2004.767795329757 -201.44006 159.33018851246254
-328.63947 1987.067054640743 -235.86581 92.22162932086776
-285.01987 1903.7940639513095 -233.71315 97.28525759388677
-266.39258 1864.7678978534711 -228.90138 110.39105964166833
-179.05048 1693.1216055791929 -239.21606 84.49717195938474
-201.24835 1723.6975057519571 -152.93832 251.35006988347317
-225.0892 1785.7316354447898 -90.516396 374.1077490643605