
3.919807 1320.3882111303637 -16.1252 318.6765452247906 23.81571
44.6694 1262.1081266827916 -19.14507 310.65965571036406 23.84902
57.58297 1242.946026310255 -41.76795 276.94035312186287 23.78071
98.67885 1184.0631161170002 -58.08964 254.24084573270034 22.69528
164.1386 1088.7112747248204 -42.19894 275.75980302784495 22.76837
198.0479 1040.4569759981728 6.818433 348.37919144684304 16.286
195.6427 1043.5977883413275 47.60632 406.91251238745093 16.15813
187.5361 1055.2092763978383 101.913 485.0521164398722 16.76006
97.23898 1186.2668096258333 93.3983 472.48886706725386 24.40857
97.2397 1186.361985757444 121.7379 513.7001320547063 24.40858
81.6155 1208.1573198963044 183.8011 603.1656957688061 23.4192
63.6283 1234.140403826038 243.7914 689.9663277978051 24.06996
