-360.9889 1383.4674710791332 263.3598 461.7107959976066 21.48846
-310.9109 1343.8936869693357 257.5145 459.0803256641613 21.32543
237.6651 889.6483128420364 -455.6189 19.08786763942669 22.32526
288.3795 848.5610213200874 -455.6143 19.217638585402796 23.33827
329.0926 814.6181434618389 -411.1468 45.57178149181348 21.32175
478.9406 689.3807333898966 -441.0176 25.737802521143834 20.05847
511.7344 671.119794130694 -420.4404 35.79297384448682 21.40253
530.6238 650.0351997372431 -418.9608 36.04700510223924 21.60865
482.2548 688.3939196578584 -372.8483 68.56300609454885 18.66522
407.916 750.3963636796524 -123.0948 222.5341739878204 18.07141
283.919 852.1688123873529 -122.8398 223.07987076373297 21.19195
316.4625 826.0190228856211 -277.9858 128.1823618990299 19.14231
282.6661 853.6494189056218 -70.83347 256.11887798709876 21.32544
284.1871 852.1072523027697 57.17818 338.9033717366368 22.02094
278.3984 856.2459557340843 165.051 401.5808014727808 21.32544
287.9278 850.0776332492151 369.7267 529.6538858624118 21.32544
293.9404 844.3478171021327 397.4779 545.7519407518337 27.19493
217.6531 907.1029463320821 308.2899 490.3637179967044 20.4217
167.3444 948.5759013014399 302.8265 487.6352341171414 21.32544
101.5443 1002.9454967980563 235.9467 445.37984568683635 21.32544
74.20156 1025.0462162225167 235.0312 444.0986445607807 21.32544
-8.946348 1094.5513773110372 236.4134 445.37984568683635 21.32544
-159.2671 1219.4684871014658 190.2094 418.1543217581533 23.95177
-254.1743 1296.3405546648064 49.06513 331.3529454678811 21.50455
-224.1262 1271.6258535980735 5.804408 302.79228479102534 21.53742
-215.0699 1264.1944829436814 -46.44929 271.4760205963687 21.32544
-217.7083 1266.4922561536846 -169.8896 194.77249199068194 21.46288
-225.9635 1274.191862931317 -246.5578 145.8180342235623 21.45473
-255.5363 1297.7659636507415 -246.3365 145.8180342235623 21.52474
-242.3132 1287.401420840979 -376.4513 66.59868878878368 21.32544
-197.7617 1250.5668884668785 -396.6728 54.65921967442 21.32544
-165.1099 1223.3855438873695 -396.7058 54.405188416667585 21.50804
-150.8508 1211.9541372885108 -339.8553 88.9534394709965 21.32544
-99.38422 1168.115290063903 -342.6363 87.91777357400589 21.32544
-50.8633 1129.379208639303 -356.6943 79.5781778879581 21.32544
-53.95615 1131.839795008917 -394.7806 55.34588044145785 22.18899
99.71507 1005.7094265763903 -420.4685 35.47755691845808 24.14835
69.63455 1028.2125972260346 -265.667 134.6589973358233 21.42939
10.16846 1076.9292368175873 -213.8103 166.02776038989617 27.06767
-68.85227 1141.484174807661 -294.2835 117.00918779295273 27.06768
-94.78152 1162.390260749718 -269.9089 131.94210632299357 27.06768
-94.77207 1162.390260749718 -216.5454 164.79452708908337 27.06767
55.61906 1027.99877230661 -168.6802 194.59898169899873 27.08648
35.30759 1056.3830296066521 -126.3758 221.03317552041216 28.15175
5.930711 1079.889200186881 -107.48 232.347057324349 27.08648
3.611842 1082.2784671516877 -72.69135 254.44777674880947 27.08648
78.21397 1019.9584204863172 -81.83652 250.06745397999748 27.08648
89.70782 1010.4013526270911 -24.66161 284.11450822849054 27.15706
98.66824 1003.034446152271 68.691 342.45244328585005 27.094
25.13133 1065.1553872372408 71.13202 344.64260467025605 27.08648
-15.73043 1098.2069135837312 35.92939 323.9356243085994 27.98511
-51.36143 1128.470961804614 31.86978 319.5553015397875 27.08647
-52.40953 1129.0682785458157 -103.5527 234.93542986955612 27.08649
-95.84646 1165.7763653552502 -154.906 203.0749152459093 27.0862
-126.4593 1190.400492159871 -38.83202 275.5679926944657 27.08619
-97.29326 1166.361432885539 29.38651 317.8879745515176 27.08619
-74.23379 1149.534753972499 156.5381 399.6656083421552 27.08647
-39.55835 1119.8294859288694 118.1784 375.18846747420446 27.08648
13.31978 1074.4719918745463 142.0852 390.5615650211379 27.08647
26.38802 1062.5256570505137 122.4574 378.2170190363041 27.08648
62.43306 1032.6598199904322 152.061 396.73383801355476 27.08647
