-280.6035 1005.9389275652622 -332.1065 280.7520575459914 0.3102506
-280.6039 1006.3598936495376 -355.5498 226.44743267446012 0.03833464
-281.132 1006.9913427759508 -366.1351 204.5571962921374 0.6596982
-281.1796 1006.9913427759508 -382.2292 167.9331469601744 0.6274105
-271.0649 980.7554442890427 -392.6493 144.59483662813008 -0.998236
-252.2126 946.7726176471303 -390.8753 147.2089002159695 0.009294004
-251.5406 944.822859455908 -426.4405 67.22183225076444 0.02201071
-238.8101 920.8210028766553 -476.9625 8.286580452203307 5.416451
-224.45 892.5415876991199 -476.9457 8.286580452203308 5.414454
-212.0585 868.3020889755185 -426.7074 67.45947439511347 0.02217242
-181.2083 804.3026011353126 -396.9063 134.38441897782326 0.04438895
-188.4769 818.9705541292394 -420.3074 82.75155777909754 0.01096943
-188.2292 819.7104768935139 -412.4924 99.98662178537408 2.134938
-168.2636 778.0970670153563 -422.6992 77.12115861031033 0.06036281
-152.4343 745.3699824560692 -418.8095 85.28118226697822 0.0109167
-114.3182 667.8653090655953 -416.4559 90.56269052763467 0.008917592
-114.571 668.4971929504286 -420.2769 82.12968144771914 0.8986488
-118.7162 676.9165146359373 -420.3994 82.12968144771914 0.008918972
-107.6033 654.8157952114768 -413.2701 97.91590960804801 0.6192813
-94.89787 629.2035170340191 -354.5149 228.91178490780814 0.01400083
-107.5495 655.6015985687914 -353.9556 231.67437483586568 0.01399907
-114.5428 667.4066051564065 -337.343 266.90255276782835 0.008889414
-94.93964 628.7861560611374 -338.3512 266.7749872877449 0.01400075
-117.2936 674.7416202612059 -325.8836 293.0853675549597 1.368486
-125.4241 691.0540560268793 -310.1821 327.0190118483162 1.368487
-136.4716 713.3886454981596 -292.1483 366.64049561368495 1.368481
-121.8234 683.6806924970905 -280.1297 393.9949752637876 -0.0002962773
-114.8658 669.819202315668 -249.4062 463.44912647299583 1.505938
-121.8338 683.290117012482 -249.4062 463.44912647299583 1.228269
-121.5063 683.6514512249333 -267.8296 422.5747302289668 0.5051233
-139.0694 719.3798414856979 -266.1325 426.17172972751877 1.359023
-144.3 730.3068319507422 -265.8287 427.8434924580605 1.400742
-153.7326 748.1659991624274 -259.5625 440.3449095062401 1.400741
-158.6214 759.0039212001636 -248.9405 465.4053538194113 1.549837
-163.4483 768.7472491184743 -198.6887 523.8653213292743 5.441603
-177.8555 797.0266642960097 -198.6864 523.8653213292743 5.441393
-182.8265 808.000268327134 -249.1759 465.0038205410283 1.400739
-200.4565 844.0444812326716 -248.7662 464.6368865020526 2.248865
-200.8985 844.8630263965405 -283.607 387.147944322463 1.400743
-235.9586 915.6571673322387 -266.1692 426.06378714366724 0.2596743
-244.8709 933.9839531108295 -266.2504 426.17881104391495 0.2676736
-247.149 938.3024844926206 -275.6263 405.3482479082166 0.07067756
-252.8999 950.6841561667757 -280.34 395.2528575538335 0.07067914
-259.1165 963.0169033024001 -280.2159 394.00866890475265 0.05300006
-272.4769 989.5377666117527 -279.6472 397.25010775367355 0.1573355
-257.8907 960.7003801662295 -288.9268 375.8674500177934 0.07067113
