6.333316 1011.4466229924974 -957.08124 134.0657384856934
32.499023 996.9350756042093 -825.1888 208.7575265136469
25.468807 1000.34955734263 -875.1319 180.16124195437328
57.5645 982.8503384332237 -659.04517 301.3753436683092
-22.938284 1028.519031684601 -670.16833 295.40000062607294
-94.85321 1069.0660023283472 -551.0902 364.97006604639535
-199.66647 1128.81943275071 -383.10062 459.295124070268
-202.35333 1130.4474156819929 -297.79178 506.9172598802219
-190.24586 1124.6242043432242 -192.81862 567.0091970552656
-41.31718 1040.089635264529 -285.57996 513.455976413161
49.229973 988.2816567968134 -266.43073 525.1837157235191
164.77081 922.3202796868416 -162.79538 583.4045879624769
160.29863 924.4256641930289 286.8808 837.5725223314478
114.52072 952.2976275402336 465.4716 939.7332539509389
173.53499 916.762079451067 519.36176 970.5798034054524
278.43503 857.8993833952488 515.81006 967.9261572717884
358.87537 806.9976257404224 455.12314 931.9813141885223
406.7287 778.0487588277249 383.6563 877.4609481696087
51.92595 984.2591771311935 595.8344 1012.6196257282292
-214.20657 1138.225881949088 413.89594 909.8264497501121
-276.67007 1173.5733033355261 417.20325 912.3301582906079
-95.81864 1069.7216304104743 -11.185847 668.5784679386095
-95.81864 1069.7216304104743 -11.185847 668.5784679386095
-328.69586 1202.2557307615689 -127.63098 603.1076363850838
-497.32825 1306.7530989644865 -235.5542 539.9930755014631
-405.65744 1245.7047908541895 -436.09045 429.35174188906126
-367.4132 1223.8069079798659 -570.827 352.25153969577116
-323.84818 1198.6126630994795 -681.14703 289.7863540193787
-291.2244 1180.5875992210504 -774.76 237.34549753977575
-332.5899 1198.0175424410631 -783.5721 230.280071260633
-361.43985 1221.520558407193 -774.18805 237.80773887098468
-141.65604 1095.652644546076 -956.7304 134.12763319527227