200.79947 577.1361385112732 -271.5178 121.91465310013257
-12.241443 872.3180847977454 -214.87477 201.2586724966843
-6.26262 865.4276376081646 -193.09515 229.51647601196873
-125.44804 1031.6061957149284 -160.75905 276.95643166515174
-194.96791 1129.699632282402 -117.50336 336.2949077095816
-127.595985 1034.7398902386578 -145.1501 299.3678071072386
-128.53941 1037.5141566511247 -122.45864 329.5379543428155
-300.43777 1278.5625884523515 -91.70257 374.16178037766986
-197.06744 1135.2254904748977 -109.533066 349.65576040087944
-253.70004 1213.2845728231484 -5.058841 493.91452434336225
-257.15622 1219.0125432787952 61.33353 589.4316200045735
-259.36517 1218.9749858968712 78.348785 608.78653182901
-153.72577 1072.3124598501659 108.81321 657.1737074590415
1.251519 856.6132462808687 199.75221 782.7092626231661
-20.323092 885.0494770086538 185.70459 763.2893977358982
1.4679152 855.2261130746352 164.24782 734.8531670081131
61.132645 772.6916873037466 105.6555 653.7058744434578
55.357174 778.2402201286802 70.82383 600.3012460034711
99.56357 717.8999256575264 72.961006 603.075512415938
123.68388 683.2594264073155 67.94331 596.8796507614288
152.31445 641.1830524849016 60.080788 586.2449628469726
274.76892 467.70593188190537 22.983448 537.371636214015
251.56142 503.9563463381388 -81.99625 387.19134775247653
224.45505 542.0562717360167 -55.402225 423.44176220871
215.4966 553.523239574213 -86.52494 380.903010550885
236.33188 525.0407710728869 -101.03124 359.4486836278081
217.72766 551.3337450035896 -134.30208 313.7576037620919
234.64998 528.4868451362156 -144.85323 298.09115813874973
228.49203 536.3200679478866 -169.76105 262.84165548622985
201.16399 575.4861820062421 -200.84982 215.18955004856406
181.14375 603.8816146985498 -226.2437 184.50942736951896
200.7386 577.1181034253402 -271.32523 120.8644920246914
72.27188 754.6711538232182 -237.2181 169.49575031381607
-12.231635 872.8222645659238 -214.78421 201.4814101281397
54.994404 780.5895629329664 -141.35982 299.2743011675959
6.1131325 847.1719568321706 -68.76709 409.055986346641
149.97905 647.5908583260682 -121.73664 333.667911846539
159.38582 632.5771812703651 -210.63046 205.72527258924464
51.712154 784.3785116748745 -181.22609 246.57388808729013
-39.58392 913.1656867839761 -129.25552 320.73889720868317
-39.58392 913.1656867839761 -129.25552 320.73889720868317
78.306786 747.5633224705707 -6.612836 492.44464762951566
149.7926 646.5188200807814 2.3328311 505.19937417108747
-125.185356 1032.1418514136726 34.100098 551.8995254476126
-175.22433 1095.487601164999 -11.634168 470.05866627984085