380.7584 110.71149701591511 310.85135 746.9656830238728
458.66684 26.373798076923073 187.39864 618.2397214854112
401.46426 88.51736571618036 55.972298 482.8555205570292
384.54553 105.16296419098143 -132.84624 287.5471651193634
188.24585 311.5683852785146 -269.70084 139.95619197612734
-173.3564 702.1850961538463 -284.84375 126.63971319628648
-175.05014 716.6112814986739 -336.18604 57.837906167108756
-268.08905 803.1683935676393 -327.47366 84.47086372679045
-328.55194 869.7507874668436 -254.13086 161.04061671087533
-387.04428 935.2234748010611 -388.41455 18.998176392572944
-517.83856 1071.7173822944296 -366.8611 44.521427387267906
-488.95605 1037.316478779841 -183.67805 236.50066312997353
-561.67126 1120.5444711538462 -137.1004 276.4500994694961
-750.04944 1323.6207725464192 4.4443183 431.8090185676393
-855.0729 1432.3720159151194 5.4452415 422.9313660477454
-874.15625 1455.675853779841 -26.606718 395.18870192307696
-913.1233 1503.3932360742706 119.78396 552.7670341511937
-1014.55365 1602.1571203580902 299.02225 735.8686173740053
-1008.8337 1594.389174403183 353.39136 786.9151193633953
-967.1461 1555.5494446286473 378.6598 813.548076923077
-790.0658 1362.460502320955 477.44757 920.0799071618038
-789.28467 1358.021676061008 502.7621 944.493451591512
-629.3456 1176.029799403183 488.36365 930.0672662466844
-497.0365 1050.6329575596817 501.3091 946.7128647214855
-340.01083 886.3963859416447 447.34885 887.8984167771885
-322.58337 859.763428381963 524.9225 970.016702586207
-300.99496 837.5692970822282 553.2297 997.7593667108754
-465.5612 1015.1223474801062 574.5198 1018.8437914456233
-190.66138 717.7209880636606 365.49417 804.6704244031831
-85.80873 607.8600381299735 419.9903 860.1557526525199
41.604244 470.256424071618 365.315 802.4510112732096
241.5356 258.3024701591512 440.9818 880.1304708222813
250.33347 247.20540450928382 463.10953 902.324602122016
150.46317 357.06635444297086 131.02835 560.5349801061009
-63.664616 584.5562002652521 13.813899 438.4672579575597
-139.75595 667.7841926392574 -71.17073 349.6907327586207
-261.06046 795.4004476127321 -167.06895 252.0365550397878
-128.15953 656.68712698939 -178.26312 240.93948938992048
-226.97163 766.548076923077 164.47977 593.8261770557029
-190.7158 722.1598143236075 172.79857 603.8135361405837
-354.1722 893.054625331565 188.41653 612.6911886604776
-460.83463 1009.5738146551724 241.72362 673.725049734748
-281.0737 818.7042854774537 170.0691 601.5941230106101
-409.757 956.3078995358092 68.7843 493.9525862068966
-524.3145 1077.2659151193634 21.608673 442.90608421750665