
9.172339 1090.349463805579 -106.89 181.2837437893841 2.276766
9.135504 1090.8405909039002 -135.9346 143.46695721864066 3.186682
-6.589894 1109.2026568813699 -130.8247 152.21748016163076 3.005048
-46.1382 1158.4135921331685 -130.5356 152.51215642062357 2.878526
-72.00168 1188.4705705504346 -137.0962 144.55589742781783 3.040452
-69.59143 1187.104446897633 -155.2886 123.27595227341968 7.093289
49.64487 1039.9811118407827 -145.4731 134.51892909317644 4.384426
67.04818 1019.0953832184506 -175.1037 98.21347454772192 4.385893
73.91959 1009.9656845247857 -196.3609 71.67187841103038 3.96835
95.26443 985.6625792318316 -187.5403 81.03646932715691 3.967911
113.2818 963.5618598073711 -190.6319 77.84414318806816 3.968568
113.3668 961.5650250929796 -139.5584 141.02159849137766 -1.873125
131.0811 942.8044388160131 -144.0308 137.78461873947094 -1.410609
163.3031 899.9138012570951 -150.6259 126.22111588658083 -1.511526
179.6975 879.5811393865915 -144.0151 133.58802236140096 -1.511985
185.9416 872.5089091707642 -137.2474 143.60701516715636 -0.7906205
185.9416 872.0247981738476 -115.9248 170.22610389617313 -1.512353
207.204 846.252472056237 -92.33393 198.6809061775152 -2.010498
229.8638 818.3509364111919 -96.06651 194.44983331960466 -2.10002
237.5847 807.0614593307355 -109.5479 178.55777285976197 0.1524622
244.6517 799.6846775527525 7.790503 323.29784813591476 -5.949492
204.7511 849.578725950398 7.953953 322.9629887506957 -5.040645
229.3385 818.5560197447438 46.22335 368.96138500653734 -4.67403
242.2141 803.6107384499068 57.03374 380.70731290650673 -4.231527
261.7801 780.2566861739525 47.34065 372.0193967720353 -5.309053
229.5584 818.8127948403155 92.63791 426.50825155571374 -2.639687
255.5816 786.4816260419302 124.8122 465.346673421508 -0.8197138
241.4569 804.3163839729611 149.404 496.37206965020516 -0.5221767
230.8578 816.9405243124431 168.3071 519.8287795511017 0.2925067
230.9525 816.6279888862385 181.3107 536.2861281590189 0.3951609
228.063 822.0303869677732 209.2139 570.1738979431915 0.3902838
229.6329 818.2989500483432 222.0394 586.6738329705389 0.4513003
199.0418 856.8046787986766 256.7262 629.0335452007548 3.32777
200.6503 853.0945338711404 280.0374 657.2733533542321 -0.8423668
206.3027 847.5627420684441 329.0016 716.3316584483257 3.496483
280.691 755.7391529079284 333.4702 723.1750725273236 3.337929
260.8983 781.4419778925227 349.6728 742.1115953833419 3.435559
260.993 783.3301345940524 394.1738 795.5680974086124 3.435507
281.226 758.0721695375262 415.6073 824.5095157025487 4.074588
298.7243 731.7617892703113 418.0954 828.1929689399587 3.745759
285.9053 749.1266402466731 515.8714 942.9062269050153 4.383809
