-532.72473 1384.6546336206898 152.4634 826.8645557029179
-536.3764 1391.31287301061 285.89633 922.2993202917772
-362.09073 1258.1480852122015 364.01056 982.223474801061
437.07364 658.9065401193635 63.48605 758.0627486737401
382.48483 697.7462698938992 264.2434 903.4343086870027
346.79062 726.5986405835545 371.98566 973.3458222811671
512.309 603.4212118700266 273.05807 911.2022546419099
512.309 603.4212118700266 273.05807 911.2022546419099
348.2938 723.2695208885942 -80.24165 650.4212118700266
435.71313 723.2695208885942 -189.57275 650.4212118700266
438.88925 660.0162466843502 -234.52774 533.9020225464192
398.6793 689.9783239389922 -307.8645 477.30698773209554
332.1175 737.6957062334219 -290.92987 491.7331730769231
266.38638 758.7801309681698 -431.36356 351.91014588859423
262.3096 788.7422082228118 -511.69955 324.16748176392576
182.39867 853.1051889920426 -479.8565 347.4713196286473
237.69305 808.7169263925731 -565.71265 281.99863229442974
293.69272 764.3286637931036 -664.4842 208.75799900530507
351.29608 724.3792274535809 -723.1544 166.58914953580904
224.08788 814.2654592175068 -712.84863 171.027975795756
94.825615 909.7002238063661 -848.481 80.0320374668435
-27.520279 1008.4641080901857 -743.26776 153.2726707559682
-76.83845 1045.084424734748 -725.1593 166.58914953580904
-173.93248 1117.2153514588858 -691.4103 193.22210709549074
-322.86548 1228.1860079575597 -572.32574 279.77921916445626
-484.31546 1350.2537301061009 -505.6704 329.7160145888595
-509.0355 1366.899328580902 -392.31604 416.27312665782495
-578.7011 1417.9458305702917 -418.03006 398.51782161803715
-634.3209 1462.3340931697612 -245.88713 522.8049568965517
-542.6251 1394.6419927055704 -205.76225 556.0961538461539
-556.7545 1402.4099386604776 -70.25771 652.640625
-532.2457 1380.2158073607427 11.865808 720.3327254641911
-398.371 1279.2325099469497 15.982924 720.3327254641911
-252.65694 1174.9200928381963 -28.310493 685.9318219496022
63.274014 938.5525944960214 65.21875 758.0627486737401
63.677555 939.6623010610081 -44.411575 677.0541694297083
91.05972 925.2361157161805 -145.91273 598.2650033156499
91.63878 918.57787632626 -329.12253 460.66138925729445
-162.73306 1105.0085792440318 -305.31766 482.8555205570292
-172.58688 1113.8862317639257 -229.66719 533.9020225464192
-211.33012 1143.8483090185678 -210.51712 548.3282078912467