
-32.10244 1245.8808752293658 -51.94104 180.52770545566892 9.601936
-34.7591 1250.0905360721201 -51.49743 181.05391306101322 9.604856
-45.46067 1263.5088300083996 -49.79884 182.6325358770461 9.600554
-16.93904 1227.4636090423153 -55.06584 176.84425221825884 9.600991
-21.73788 1233.2518927011026 -77.01225 148.42904152966688 9.600986
-35.01138 1249.5643284667758 -75.81773 150.53387195104406 10.66176
-47.21084 1252.4584702961693 -68.70233 155.53284420181487 9.600988
-45.55011 1263.8243715041856 -64.78809 164.9123574665115 9.601192
-34.63277 1249.0905585545452 -65.70025 162.5444232424622 9.60038
