
-29.21496 1254.8607983191923 -66.44022 85.46945735342256 5.711354
-21.60942 1244.6111893107468 -77.75368 72.01684552983797 6.066896
-19.1864 1242.6893876216634 -65.61005 86.75065847947825 5.099981
-26.09608 1250.0562940964835 -43.64066 114.6231889768195 5.873162
-23.39208 1248.775092970428 -33.41728 126.46789338720423 6.479737
-22.27974 1246.8532912813444 -28.28993 131.91299817294083 5.090004
-41.25101 1270.8758123948883 -25.18017 136.0769018326218 5.090004
-37.74081 1265.2559983646897 -33.97165 127.09393484652689 5.343522
-51.81492 1282.130937812341 -28.44116 132.91318371012977 5.099983
-30.21335 1256.2103409564922 -71.59138 79.9805964466073 5.994295
-45.96722 1276.1282732773022 -73.99451 76.70641579113168 5.09199
-44.4867 1273.945486173652 -84.3044 63.6096931692292 5.091221
-78.91663 1318.6453980390315 -58.35721 96.1432954156372 5.092994
-83.70641 1273.830050317209 -67.23712 63.91307958829908 6.329536
-75.56999 1311.5854460006622 -19.04546 143.41427862906644 5.090004
-111.6588 1357.628611468288 -22.99044 138.50300764585302 6.382413
-113.1727 1359.1670234264684 -31.57636 129.59006301567348 5.527656
-121.8072 1369.9020468182575 -33.09041 128.09015642033992 5.102994
-130.4913 1379.0370108470345 -29.73974 131.03691901026798 5.102994
-147.2031 1399.9590252355235 -26.11649 135.75173915415286 5.102994
-156.7119 1411.7460755952359 -24.84873 136.9304441901241 5.102994
-168.2916 1424.1224784729336 1.005806 168.7554801613471 5.102134
-151.9403 1405.263197897394 -60.67699 93.61303411818164 5.101049
-149.7029 1403.4951403434372 -69.95028 82.12066001746223 3.598012
