
-168.2591 1418.8123525068618 1.189376 215.83068609506626 9.600163
-170.4877 1421.695055040487 -11.45178 200.45627258239816 9.599995
-162.7886 1415.6093496917224 -27.41478 181.23825569156298 9.599995
-149.2243 1396.0710325193734 -26.40794 182.51945681761867 9.599995
-137.953 1385.5011232294141 -28.44582 180.59765512853517 9.599995
-134.3478 1380.3763187251914 -7.384515 204.29987596056517 9.599993
-145.2974 1391.9071288596924 -5.444973 207.18257849419044 9.599993
-131.3096 1378.7748173176217 -13.72615 197.57357004877286 9.599994
-132.8051 1381.0169192882192 -23.53769 186.68336047729963 9.599995
-115.3419 1357.955299019217 -36.07016 171.6292472461454 10.92117
-113.9716 1356.0334973301335 -22.44965 186.04275991427178 10.04144
-111.0549 1352.8304945149944 -11.75697 200.13597230088422 10.50154
