
240.5143 1254.78840794487 166.6912 1055.4041405322387 2.871556
233.6675 1294.692484683479 167.9744 1056.631958278042 2.871577
226.6423 1333.9826525491862 168.6196 1056.0180494051401 3.775603
230.2986 1304.4120471072313 158.5329 1006.3718677378795 3.684128
225.2944 1335.3530543014758 159.228 1006.0035224141386 3.726239
230.6491 1286.731471567663 142.0287 921.2840979537069 2.871556
222.9363 1335.3530543014758 141.5932 908.0236662990307 3.505528
235.0032 1253.9487377547134 127.5787 839.1430907594623 3.28049
227.8739 1293.9622157583067 128.3391 838.6534889005767 2.871567
221.0427 1335.6012523551162 129.8741 841.2158911526881 2.871599
