
178.7895 1987.2942744976153 185.3433 1046.1777536554061 5.937206
172.2093 2020.4453536343062 183.9243 1033.285667324471 5.830718
186.431 1940.0232912841861 184.2367 1046.1777536554061 6.363386
171.911 2019.8314447614043 181.7511 1022.2353076122406 5.83158
179.4184 1970.7187349292703 177.8841 1003.8180414251904 5.831577
185.9242 1936.953746919678 177.11 1004.431950298092 5.831577
197.7619 1871.8794063921 167.9397 964.5278735594829 6.152098
199.964 1870.6515886462967 182.669 1044.3360270367011 6.152092
186.4503 1933.8842025551694 173.6622 988.4703196026483 5.831517
171.2611 2019.8314447614043 176.7407 992.7676817129601 6.686639
170.465 2019.8314447614043 171.6791 965.1417824323846 6.97676
184.4111 1938.7954735383828 169.6275 963.3000558136796 5.831797
170.1852 2019.8314447614043 169.4047 953.4775138472527 5.830252
169.1577 2021.0592625072077 162.2905 913.5734371086435 5.830416
183.5675 1939.4093824112847 163.7741 930.7628855498906 6.794037
182.89 1938.7954735383828 157.2443 895.7700797944949 6.090255
177.7148 1969.4909171834668 157.0345 892.0866265570849 5.831597
173.7416 1992.205545480829 157.5887 892.0866265570849 5.830965
167.8249 2019.8314447614043 152.1093 857.7077296745908 6.704038
174.1445 1979.9273680227952 145.8643 827.6261949024085 5.831572
181.2965 1939.4093824112847 145.9926 834.9931013772286 5.8316
167.1786 2020.4453536343062 147.7847 833.7652836314253 5.894434
