
174.027 1629.7900591662942 144.8367 825.2281763267838 -0.1677901
167.2778 1671.3604599884936 146.7399 827.8592143535053 0.04226878
181.0948 1591.3769039761605 144.88 827.333006748161 0.308937
175.3252 1638.209380851803 158.4344 894.6875802322309 -0.1684186
183.403 1589.7982811601278 158.3656 902.054486707051 -0.168419
178.2332 1624.5279831128514 170.7265 963.0945689269893 -0.1684251
198.155 1521.9175000707137 175.5689 1004.6649697491887 -0.1684243
197.1643 1521.3912924653694 168.3656 963.6207765323336 -0.09488972
199.124 1522.4437076760578 182.3026 1045.1829553606995 0.743003
190.5996 1563.4879008929129 175.3965 994.6670252476471 -0.168424
187.8934 1579.8003366585863 177.5796 1010.453253407976 -0.168425
180.8679 1614.0038310059654 178.348 1009.9270458026317 -0.1684251
179.5112 1630.3162667716385 185.3175 1044.1305401500108 0.4155449
