187.84 1754.6228116678794 177.7191 1012.4127656458138 2.831577
197.9165 1703.66837521704 182.6223 1044.9499359096028 2.831599
198.1348 1698.143195360925 175.4237 1005.0458591709937 2.831577
196.3066 1702.4405574712366 168.4879 965.1417824323846 2.833357
185.5938 1765.6731713801096 176.5154 997.0650438232718 2.831574
181.1493 1789.0017085503732 178.8316 1013.0266745187155 2.831577
179.5188 1806.805065864522 185.3075 1046.1777536554061 2.831577
171.942 1847.9369603489345 180.8136 1016.0962188832239 3.466215
171.1749 1846.709142603131 176.7791 993.3815905858618 3.686637
170.4855 1846.0952337302294 171.6643 964.5278735594829 3.686074
184.1529 1766.2870802530113 166.5468 946.1106073724325 3.695637
174.7937 1817.2415167038505 159.3895 901.9091685235117 2.837356
176.0995 1798.2103416438986 152.3902 868.1441805139193 3.644836
167.2486 1847.3230514760328 146.7495 827.0122860295069 2.831349
180.9158 1765.6731713801096 144.8489 827.0122860295069 3.69524
